100	0.75	INQ	12.366	0.576
2	0.5	NOQ	1.0	0.445
2	0.5	NOQ	1.0	0.445
2	0.5	NOQ	1.0	0.445
8	0.5	NOQ	1.0	0.401
20	0.5	NOQ	1.0	0.399
100	0.75	INQ	12.715	0.576
8	0.5	3	3	CIOQ	1.4	0.625	0.0
8	0.5	3	3	CIOQ	1.4	0.625	0.0
8	0.5	3	3	CIOQ	11.711	0.968	0.0
8	0.5	3	2	CIOQ	2.467	0.744	0.01625
8	0.5	3	2	CIOQ	3.18	0.797	0.011875
8	0.5	3	2	CIOQ	3.546	0.806	0.0112
8	0.5	3	2	CIOQ	3.6	0.808	0.011025
8	0.5	3	2	CIOQ	3.58	0.807	0.010771875
8	0.5	3	2	CIOQ	3.546	0.806	0.0112
8	0.75	3	2	CIOQ	428.143	0.999	0.0323125
8	1.0	3	2	CIOQ	1174.956	1.0	0.069225
8	0.2	3	2	CIOQ	1.79	0.367	0.0007375
8	0.2	3	2	CIOQ	1.79	0.367	0.0007375
32	0.75	13	3	CIOQ	18671.238	1.0	0.0064084375
8	0.2	3	2	CIOQ	1.79	0.367	0.0007375
8	0.75	3	2	CIOQ	428.143	0.999	0.0323125
8	0.75	3	2	CIOQ	428.143	0.999	0.0323125
8	0.75	3	2	CIOQ	428.143	0.999	0.0323125
8	0.75	3	2	CIOQ	428.143	0.999	0.0323125
8	0.75	3	2	CIOQ	428.143	0.999	0.0323125
8	0.5	NOQ	1.0	0.405
8	0.5	NOQ	1.0	0.405
8	0.5	INQ	3.646	0.499
8	0.5	INQ	3.646	0.499
8	0.5	3	3	CIOQ	851.803	1.0	0.0010875
8	0.2	3	2	CIOQ	1.79	0.367	0.0007375
32	0.75	13	3	CIOQ	18671.238	1.0	0.0064084375
32	0.75	13	3	CIOQ	8.748	0.998	0.0064084375
8	0.5	3	3	CIOQ	7.145	0.969	0.0010875
8	0.5	3	3	CIOQ	7.145	0.969	0.0010875
8	0.5	3	3	CIOQ	7.145	0.969	0.0010875
8	0.5	3	3	CIOQ	7.145	0.969	0.0010875
8	0.5	3	3	CIOQ	7.145	0.969	0.0010875
8	0.5	3	3	CIOQ	7.145	0.969	0.0010875
8	0.5	3	3	CIOQ	7.145	0.969	0.0010875
8	0.5	3	3	CIOQ	7.145	0.969	0.0010875
