100
18 9 10 13 14
13 19 8 14 15
13 12 11 13 14
8 19 12 14 15
6 13 6 6 11
4 16 11 11 11
11 8 12 12 12
7 19 6 14 15
7 12 0 2 3
19 16 9 10 12
8 5 13 13 13
3 10 7 8 11
18 19 13 13 13
18 7 9 14 14
1 10 13 13 13
15 3 2 3 12
17 1 6 8 9
18 13 8 13 15
13 2 13 13 15
5 9 3 3 3
15 16 7 7 12
18 12 1 2 5
18 19 9 10 11
5 4 15 15 15
1 9 14 15 15
5 12 14 14 14
16 0 15 15 15
14 18 6 6 15
4 16 15 15 15
1 13 1 4 6
18 12 10 14 14
5 18 11 11 11
2 11 8 8 8
12 8 15 15 15
18 8 12 12 12
18 15 9 11 14
6 8 13 13 13
6 17 5 6 11
14 3 9 10 11
14 10 13 13 13
6 7 6 8 10
10 2 10 14 14
8 11 8 8 14
9 3 1 10 12
2 3 13 14 14
17 8 14 14 14
3 17 6 6 6
8 3 10 10 12
6 19 14 14 14
14 15 9 10 15
0 6 13 14 14
15 11 2 13 13
16 13 11 13 13
2 6 14 14 15
17 1 3 6 6
14 1 0 2 9
6 14 6 10 12
0 3 10 10 10
2 18 7 9 15
8 5 10 11 11
16 14 14 15 15
7 13 6 7 14
2 6 5 6 15
15 4 2 4 6
16 14 6 9 10
14 9 9 11 12
18 2 11 11 12
13 17 1 1 13
2 15 4 5 6
10 3 1 11 13
0 6 11 11 14
15 0 8 15 15
8 15 13 14 15
8 5 13 14 15
17 0 1 4 6
10 1 4 8 11
11 14 11 11 12
6 0 14 15 15
0 4 9 9 9
4 6 1 1 2
7 11 13 15 15
3 7 9 12 12
12 5 9 13 14
3 16 4 6 6
12 19 7 9 9
16 2 10 10 11
6 15 2 5 6
14 18 10 11 13
14 3 4 4 5
12 15 14 15 15
11 2 2 2 2
0 11 10 11 11
19 18 0 0 10
3 14 15 15 15
18 16 4 12 15
3 0 6 11 15
19 0 5 5 6
5 3 6 10 10
0 8 15 15 15
10 1 13 13 13
