200
6 1 6 6 9
18 15 4 9 9
15 7 11 15 15
4 5 5 10 12
3 7 5 7 8
16 13 5 9 9
18 8 6 6 9
16 5 4 6 7
18 5 6 6 7
12 9 8 10 15
1 3 7 12 15
0 14 2 3 9
8 14 0 1 6
9 0 6 10 13
17 13 14 14 14
4 16 5 6 10
5 12 5 7 11
9 6 10 13 15
11 0 12 14 14
8 10 11 11 11
0 2 11 12 13
2 10 1 4 9
17 6 6 7 13
8 14 7 7 7
4 7 8 8 14
19 6 8 13 15
5 2 8 12 13
0 11 12 14 14
13 3 3 3 4
16 8 3 3 3
12 6 14 14 15
0 13 0 5 8
4 7 2 5 7
4 17 4 5 5
12 5 8 10 11
14 0 7 7 10
6 0 11 12 13
3 5 12 13 14
7 17 5 9 10
6 18 8 13 14
13 8 4 5 5
11 5 7 10 10
9 6 1 1 2
3 5 15 15 15
17 6 7 8 10
19 6 15 15 15
7 17 0 4 12
0 14 3 4 10
1 16 6 8 11
15 14 12 12 13
2 12 15 15 15
0 15 11 14 14
5 9 13 13 13
8 0 13 14 14
1 14 8 9 14
6 5 13 13 13
9 5 2 7 7
14 19 13 15 15
12 16 6 7 14
12 9 1 8 12
0 2 7 7 8
6 1 0 2 2
2 16 13 13 13
0 10 15 15 15
1 4 0 1 8
14 0 4 5 6
16 7 7 10 13
1 8 7 13 15
19 0 13 13 14
12 9 8 14 14
9 16 5 5 15
8 17 10 15 15
9 17 13 15 15
10 3 0 6 10
6 2 8 12 12
19 4 1 9 10
10 18 3 5 11
19 18 15 15 15
17 6 2 7 12
10 3 3 5 8
5 1 9 10 12
17 8 12 12 14
5 11 5 7 7
8 3 11 11 11
8 7 8 10 13
15 3 6 6 6
5 19 12 13 15
6 1 5 7 8
17 9 9 11 12
0 11 6 6 15
17 7 10 14 15
10 15 12 14 15
14 17 11 12 12
3 2 0 2 5
13 0 12 13 13
4 13 3 3 3
11 8 3 11 11
16 13 6 15 15
17 0 2 2 2
11 9 7 7 7
10 8 0 1 2
13 14 14 15 15
11 13 7 7 8
14 10 10 12 14
4 1 13 13 13
18 8 8 8 9
8 9 15 15 15
9 4 1 2 7
14 7 1 10 14
9 18 0 4 5
16 5 2 6 7
12 15 9 11 15
18 13 11 12 13
3 12 7 12 15
18 1 1 6 6
2 16 2 10 11
11 15 13 15 15
19 12 10 13 15
7 11 6 6 7
17 13 10 11 11
18 15 10 10 10
5 19 1 1 4
18 8 11 12 12
6 11 15 15 15
1 0 12 14 15
3 7 4 6 11
0 15 0 0 0
17 2 8 8 9
14 8 6 11 12
2 14 1 3 11
12 7 3 7 8
8 4 11 13 13
8 1 2 9 13
15 19 12 12 12
6 7 11 12 12
5 3 2 7 14
16 18 4 5 6
2 5 10 11 14
5 12 15 15 15
19 12 1 6 12
9 7 8 9 10
17 0 6 13 15
3 12 0 1 1
2 15 6 9 10
8 2 2 2 3
17 16 4 10 14
9 15 15 15 15
16 14 3 9 9
2 9 5 6 7
18 13 2 6 6
18 15 1 1 4
9 4 11 12 14
17 12 0 12 13
8 5 13 13 14
6 8 8 9 10
18 13 6 7 10
6 18 14 14 14
6 3 5 9 11
4 7 12 14 15
19 16 6 7 7
13 10 0 6 6
8 7 2 9 12
1 5 9 11 13
1 11 15 15 15
5 3 8 8 9
14 0 0 2 2
0 17 15 15 15
11 6 9 9 10
6 19 14 15 15
17 12 2 2 4
11 17 8 8 9
2 4 6 6 8
11 3 5 5 7
14 11 8 8 8
11 0 9 9 13
18 7 9 10 10
3 0 4 7 14
2 6 6 12 13
10 11 10 11 11
16 4 14 14 15
10 1 2 7 8
5 8 5 10 11
7 17 3 9 15
18 17 4 6 7
12 17 13 14 15
17 1 10 10 14
12 0 8 13 15
6 5 5 11 13
5 0 6 9 9
1 3 1 2 9
15 17 1 7 10
3 8 8 11 12
3 17 9 9 10
13 4 11 11 11
4 14 0 4 5
7 10 7 7 7
6 7 7 7 7
14 2 8 11 13
19 4 2 3 15
7 18 13 13 14
