300
12 14 8 9 12
18 2 11 11 14
5 19 6 8 14
10 14 10 13 13
7 2 5 5 10
18 16 0 1 14
19 15 8 8 9
18 4 10 13 14
16 4 11 12 14
3 0 5 9 11
17 13 10 10 11
11 15 2 13 14
11 13 6 9 12
14 5 15 15 15
12 14 8 8 15
6 3 13 15 15
18 4 2 8 12
1 19 2 4 9
13 6 0 0 7
16 11 4 5 7
9 18 2 4 5
5 1 13 15 15
16 14 7 8 12
8 0 1 10 13
17 11 2 3 14
5 8 6 10 11
11 7 4 6 14
6 16 10 10 12
18 5 7 10 12
4 12 8 11 12
12 2 8 10 11
5 7 13 13 13
6 3 12 15 15
18 3 13 14 15
9 16 0 4 5
15 1 4 7 8
15 6 0 12 14
9 10 3 6 9
10 9 14 14 14
16 12 8 8 15
14 6 1 8 11
13 9 7 9 11
7 2 13 13 13
5 15 12 13 14
19 8 1 1 6
3 17 4 6 13
13 6 2 2 2
0 13 2 3 4
8 9 7 13 15
18 2 0 0 1
4 1 1 1 9
10 18 5 7 8
1 17 14 14 15
11 14 4 6 10
1 12 14 14 15
13 11 5 6 9
7 17 9 12 14
2 8 7 8 15
1 0 11 11 11
12 14 1 1 10
5 12 6 7 7
8 3 6 7 11
9 6 2 2 9
3 0 0 0 14
5 16 15 15 15
6 9 9 10 13
6 0 10 12 15
6 3 15 15 15
3 12 14 15 15
12 17 3 3 5
8 6 6 10 15
8 10 1 4 8
19 14 3 13 14
18 6 2 2 9
13 9 14 14 14
4 19 4 6 6
7 4 11 11 15
9 13 9 14 14
4 15 3 4 5
6 2 1 4 15
14 12 1 1 1
17 4 15 15 15
17 11 1 5 6
2 17 3 3 6
12 4 9 11 13
0 14 6 9 10
1 11 4 5 5
10 13 6 6 6
12 11 5 5 5
9 12 11 12 12
1 18 5 8 9
7 16 3 4 4
18 3 2 4 9
4 18 12 14 14
11 16 14 14 14
1 4 14 15 15
15 12 10 10 11
9 6 13 13 15
5 19 14 14 14
5 3 15 15 15
6 9 4 14 14
15 17 5 6 6
6 16 3 13 14
0 11 14 14 14
12 13 15 15 15
4 10 8 8 8
9 11 11 11 11
14 15 4 5 13
10 9 10 12 15
18 8 9 11 14
15 7 13 13 15
12 2 9 12 13
14 1 12 12 13
0 2 6 7 10
4 15 5 9 10
9 7 4 6 11
19 4 8 9 12
9 11 12 12 12
3 1 15 15 15
11 7 10 11 15
4 10 5 9 14
16 5 3 7 7
18 5 11 14 14
1 12 2 4 11
4 19 6 8 10
14 5 13 13 14
16 10 8 11 11
1 5 15 15 15
5 3 10 10 10
4 19 6 8 10
14 19 5 11 11
15 1 1 5 9
17 19 6 6 6
10 8 1 1 1
17 10 13 13 13
10 1 11 14 15
19 12 5 10 13
11 15 14 14 14
19 12 6 11 14
5 0 10 11 11
7 2 15 15 15
15 2 6 8 15
3 1 2 2 4
18 17 5 6 10
6 2 11 14 15
6 5 14 14 15
10 6 8 8 8
19 6 9 10 11
6 0 6 7 15
9 8 2 7 11
3 1 1 3 3
12 5 11 12 14
9 15 7 10 12
11 2 3 4 4
11 8 7 10 12
12 3 3 3 14
18 15 13 13 13
15 19 1 15 15
14 2 13 14 14
12 6 11 13 13
0 12 3 3 4
18 7 14 15 15
0 14 4 4 4
4 17 13 13 14
14 4 10 10 11
19 16 3 5 7
2 12 14 14 15
15 9 13 15 15
18 4 14 14 15
12 14 11 11 11
11 12 15 15 15
8 11 8 8 10
8 14 12 12 14
8 17 12 12 12
9 13 2 4 14
2 19 15 15 15
4 15 5 6 7
15 16 2 9 9
13 11 3 5 11
0 1 11 13 13
19 9 6 13 15
8 1 0 2 3
0 3 6 8 9
19 4 9 14 15
8 5 11 11 13
13 1 13 13 13
12 18 5 6 7
17 4 2 5 8
19 17 3 10 12
1 5 12 13 15
6 0 14 15 15
1 6 7 14 15
6 8 6 8 8
2 17 10 10 13
2 0 11 14 14
1 7 5 12 15
19 15 6 8 12
4 15 5 6 6
6 19 12 13 13
15 4 0 10 12
15 11 11 14 15
8 6 0 4 8
9 16 1 3 11
19 14 11 12 14
15 13 13 13 13
12 0 1 12 12
16 17 11 13 15
11 15 9 9 9
18 19 13 13 13
11 18 9 14 15
8 7 3 13 15
17 19 6 8 8
2 13 5 5 6
3 2 13 14 14
0 9 15 15 15
9 0 4 8 8
1 15 7 8 10
18 13 13 13 13
5 10 9 12 13
10 15 8 10 15
18 6 4 5 5
1 17 8 12 15
18 13 7 14 14
14 16 15 15 15
13 17 12 13 13
7 6 15 15 15
6 19 14 15 15
6 8 8 9 9
18 3 5 12 13
5 18 6 6 6
15 9 0 8 10
15 9 9 9 10
18 1 2 2 3
12 13 10 13 13
1 19 15 15 15
11 0 9 10 10
9 18 5 7 7
10 18 6 11 12
8 17 12 12 13
16 13 6 6 6
2 9 2 2 2
10 14 0 1 1
10 4 2 4 4
13 10 10 11 14
10 1 11 11 11
9 15 7 9 9
18 16 1 4 5
8 18 0 11 13
15 8 9 9 14
4 0 2 3 4
11 13 9 11 15
8 1 15 15 15
8 0 7 7 10
9 15 4 8 10
17 7 1 4 6
15 11 9 12 14
18 0 2 5 13
16 2 1 2 14
0 7 8 9 12
17 16 15 15 15
5 7 1 2 15
0 16 14 14 14
8 5 14 14 14
17 1 1 9 12
9 12 6 13 14
9 16 1 2 5
13 7 7 8 8
3 19 15 15 15
15 0 7 8 12
16 15 4 5 7
8 2 4 4 5
15 7 10 10 10
2 18 7 8 8
18 1 13 13 14
5 2 2 4 7
9 10 13 13 14
15 10 15 15 15
13 4 7 11 15
19 4 14 14 15
19 12 12 12 12
3 15 2 2 15
9 4 1 5 6
13 16 13 13 13
14 17 10 11 13
13 2 14 14 15
19 10 0 4 7
6 0 10 13 13
19 5 15 15 15
16 18 2 6 13
17 2 4 7 10
13 14 9 10 10
9 7 12 14 15
10 18 2 6 7
14 2 8 8 14
19 4 12 12 12
2 1 15 15 15
5 4 8 9 14
2 3 2 4 11
11 15 9 10 13
13 16 1 1 2
