50
8 9 98 98 99
9 2 50 53 61
6 1 90 91 92
9 4 71 82 87
6 2 19 45 53
7 8 92 96 100
9 5 81 83 98
3 7 37 39 39
7 3 26 46 59
5 7 26 33 34
2 5 56 63 67
3 7 6 14 24
8 4 69 94 97
9 5 39 45 76
6 9 41 53 55
0 8 59 88 89
8 2 68 71 72
6 0 7 36 40
2 1 97 97 97
4 3 96 96 97
3 5 76 83 85
6 8 62 67 90
7 6 35 79 79
0 9 8 11 27
7 4 58 82 88
8 1 1 11 21
4 3 4 88 96
8 1 62 72 99
7 3 46 72 72
3 7 89 89 100
1 9 35 49 49
3 9 96 96 97
3 1 14 31 36
9 2 35 39 65
4 9 36 36 36
8 3 40 54 89
1 6 54 64 67
6 7 13 55 71
6 2 59 61 89
6 9 2 26 83
7 0 60 73 74
3 2 33 80 80
8 5 58 61 61
0 2 57 80 94
2 3 48 92 100
5 7 2 6 24
6 4 87 93 93
8 2 59 80 89
3 1 3 3 6
3 1 45 94 97
