300
7 4 9 13 15
2 8 4 5 5
4 10 12 12 12
0 6 4 7 7
5 9 1 5 5
5 0 4 8 9
7 0 4 9 9
3 7 3 3 4
0 3 7 7 10
0 1 2 6 6
3 6 15 15 15
8 3 1 8 15
10 6 11 12 15
1 11 0 2 7
5 1 3 3 15
8 9 2 3 4
6 0 6 9 14
8 7 4 9 10
5 7 10 10 10
0 9 9 10 10
5 11 7 9 14
10 3 11 11 13
1 10 1 11 13
8 2 3 8 14
11 8 14 14 14
5 0 13 13 13
2 10 0 0 0
0 1 10 14 15
8 0 12 14 14
6 10 0 2 4
0 1 1 4 4
9 10 12 12 12
11 10 4 6 9
1 2 3 3 3
9 1 3 5 5
9 11 10 11 11
9 2 11 12 12
7 10 4 5 5
3 0 1 1 1
4 5 13 14 15
10 5 11 11 11
9 5 8 9 9
11 2 1 9 13
11 2 14 14 14
3 7 11 13 14
2 10 3 6 11
8 11 4 6 8
2 0 7 14 15
2 9 8 8 9
7 8 3 11 14
10 3 4 10 11
6 11 0 7 9
3 2 7 8 12
1 6 10 10 12
4 5 7 11 12
10 0 9 11 14
2 0 5 6 8
7 2 4 14 14
9 8 15 15 15
10 6 7 10 14
6 4 8 10 11
8 0 8 13 13
0 6 6 6 6
5 1 9 13 15
2 3 8 9 9
10 3 9 13 15
7 2 11 11 12
11 5 3 6 7
11 0 2 2 2
8 4 3 5 12
7 1 9 10 15
0 9 2 3 8
11 8 7 8 8
1 6 3 8 10
7 4 11 15 15
7 11 6 7 11
0 2 8 9 9
4 5 1 8 13
6 2 13 14 14
2 0 0 6 15
3 0 8 11 11
7 4 8 8 14
7 2 15 15 15
10 0 2 3 7
11 2 8 9 9
10 5 13 13 13
3 1 2 3 12
3 7 8 9 12
1 0 7 8 13
9 8 1 10 10
1 6 10 10 14
2 7 2 3 12
9 8 3 10 10
0 2 0 1 3
10 2 0 13 15
8 6 2 12 15
1 4 7 12 13
9 4 7 13 15
7 8 3 13 14
5 3 2 6 7
8 9 12 12 13
6 8 6 6 13
6 5 13 13 13
11 4 10 10 14
5 0 6 10 13
7 0 14 14 14
4 8 3 8 8
4 0 7 8 8
4 10 5 8 14
7 5 8 9 11
9 4 7 10 13
5 6 15 15 15
3 6 0 7 9
7 10 11 14 15
0 3 6 11 13
2 5 4 12 14
6 9 8 9 12
2 9 3 6 11
5 11 9 12 13
11 5 4 11 12
8 5 9 9 9
6 2 2 13 14
2 1 14 14 15
0 9 15 15 15
9 4 8 8 8
9 6 15 15 15
7 4 10 10 10
4 5 0 5 5
0 3 0 0 1
10 9 8 8 9
7 6 5 7 9
9 4 11 11 11
7 11 15 15 15
2 9 8 10 12
6 11 4 4 5
8 7 13 13 13
0 9 12 13 14
10 0 14 14 14
9 1 7 9 15
5 11 0 6 11
3 2 11 11 14
9 11 3 3 4
5 0 6 8 11
11 1 4 6 6
1 8 6 10 10
1 10 15 15 15
5 2 6 6 13
8 10 3 5 10
8 4 2 2 3
7 0 7 7 9
4 5 10 13 13
0 10 2 4 5
0 5 13 13 14
0 5 8 9 11
4 6 9 12 14
8 11 15 15 15
6 7 13 13 14
5 6 1 3 9
7 2 2 4 4
9 6 11 11 15
10 8 7 13 13
7 1 3 4 6
6 3 13 14 14
3 0 13 13 13
4 7 5 12 13
2 4 1 5 8
5 10 7 10 11
6 8 10 10 12
6 8 14 14 14
9 4 14 14 14
0 5 3 3 13
4 2 3 3 6
3 1 0 1 2
6 2 2 2 8
1 6 14 14 14
1 2 13 13 13
1 10 2 2 5
4 2 12 15 15
8 0 7 7 9
9 10 11 11 13
5 6 2 8 11
6 1 13 14 15
6 4 15 15 15
8 11 1 6 13
6 2 13 13 14
5 7 7 9 14
10 9 8 8 13
6 10 9 12 14
5 0 2 2 2
10 5 10 11 11
7 5 6 6 8
7 1 1 13 14
5 11 1 2 2
1 8 13 13 13
3 1 7 8 8
7 0 1 2 5
10 11 1 4 8
3 4 7 7 7
2 8 12 12 13
4 2 5 9 9
1 10 1 1 2
2 3 6 6 6
9 4 3 7 13
10 8 1 4 8
0 1 1 11 11
10 3 10 10 10
11 3 14 15 15
0 3 9 12 14
7 2 8 12 14
3 7 12 14 14
3 5 9 10 10
0 7 9 9 12
5 2 2 2 2
3 5 4 4 13
3 5 3 4 14
2 11 6 6 7
2 8 2 3 6
10 11 8 9 11
3 10 10 11 11
11 6 3 6 14
5 0 7 14 15
2 4 10 12 14
9 10 5 9 13
9 7 8 8 8
0 8 13 13 13
1 0 14 15 15
2 4 8 12 13
11 0 5 9 12
2 0 14 14 15
4 9 0 0 1
4 11 11 11 11
10 5 12 12 14
9 6 12 13 13
2 5 10 10 12
10 7 11 11 14
4 3 7 7 7
0 5 9 9 9
10 7 12 12 12
1 5 13 14 14
5 10 14 14 14
10 1 15 15 15
7 1 4 4 4
8 9 7 9 9
10 1 14 14 14
5 11 6 6 14
7 9 3 10 10
8 2 1 3 7
0 4 6 7 15
3 6 6 10 10
5 7 4 4 4
2 5 14 15 15
10 11 13 13 14
2 1 1 4 11
2 10 8 8 9
6 9 6 14 14
9 4 10 11 11
1 5 4 4 8
5 3 0 7 11
2 5 2 4 7
1 7 2 5 15
4 2 1 6 10
5 0 5 7 9
2 11 14 15 15
4 1 11 13 14
7 8 1 9 9
5 10 8 8 8
4 3 15 15 15
5 3 12 14 14
9 0 12 12 13
4 9 1 6 7
1 8 15 15 15
5 10 13 13 14
3 8 3 6 6
4 3 6 8 10
9 2 5 8 14
2 1 1 1 12
6 10 3 4 15
1 4 14 15 15
4 3 13 14 15
4 5 6 11 13
1 7 11 12 12
7 4 14 14 15
6 10 2 6 6
11 5 11 13 14
0 8 3 6 7
9 10 14 14 15
8 2 6 6 7
3 4 8 9 14
2 8 14 15 15
9 5 5 6 15
0 2 4 9 12
0 1 14 14 15
11 9 5 5 7
2 8 7 7 7
11 1 14 15 15
1 6 5 6 7
10 4 13 14 15
0 9 7 11 12
7 3 8 9 15
1 8 1 6 7
