100
7 3 1 6 6
0 2 4 9 15
7 2 1 1 1
6 0 2 11 11
2 10 8 8 8
10 5 10 12 14
3 9 13 13 13
2 6 7 9 12
8 3 5 5 6
11 8 3 3 12
2 4 6 6 14
5 7 10 10 12
9 0 9 13 15
0 9 3 4 6
10 11 12 12 13
4 0 11 13 14
10 1 7 9 9
6 0 12 14 14
3 7 12 15 15
10 8 7 7 12
3 4 5 5 6
6 9 6 7 8
11 4 1 2 14
2 11 1 1 1
2 1 8 8 9
10 2 1 2 3
1 11 9 11 14
3 9 10 10 12
6 9 8 10 14
8 4 6 15 15
10 1 4 4 6
2 6 0 1 1
11 3 14 14 14
8 11 2 9 12
10 5 10 11 12
8 3 4 4 4
9 7 9 10 10
3 1 3 3 13
2 10 1 8 13
5 8 4 9 12
0 2 0 2 6
3 5 4 4 4
7 4 8 9 9
1 0 6 9 15
0 9 9 9 10
6 8 2 13 14
9 3 3 9 11
5 7 14 14 14
5 2 14 15 15
6 2 12 14 15
3 4 4 10 15
7 8 2 7 12
1 2 12 14 15
8 6 4 9 9
11 3 2 10 10
10 3 13 13 13
3 1 8 8 11
3 0 10 12 13
0 10 11 14 14
7 1 13 13 14
2 8 9 12 12
8 0 15 15 15
7 0 10 10 10
0 1 9 14 15
4 0 1 12 13
8 7 10 14 15
1 11 3 4 10
3 6 8 9 12
6 11 13 14 14
4 10 14 15 15
9 8 8 8 14
8 11 15 15 15
9 3 5 10 11
10 0 3 5 5
5 7 10 13 14
1 0 7 8 8
10 0 13 13 13
8 0 4 10 14
4 8 7 10 13
10 9 1 2 7
11 10 10 10 15
11 8 10 12 12
1 11 5 6 7
9 7 13 15 15
10 6 9 9 11
7 6 3 3 6
0 9 15 15 15
8 4 10 10 15
11 3 9 10 10
8 9 13 14 15
5 4 14 14 14
3 5 13 13 14
10 4 9 11 15
11 3 2 10 13
9 8 13 14 14
5 3 12 12 15
6 8 15 15 15
6 8 14 14 14
1 9 10 12 13
11 2 4 5 14
