200
2 0 2 6 6
4 10 12 15 15
0 5 15 15 15
5 10 4 4 8
3 8 3 5 8
5 2 12 12 13
9 7 9 9 15
2 7 8 12 15
0 2 9 10 14
4 3 2 3 5
11 4 11 11 12
10 3 8 8 8
5 10 5 5 5
2 10 3 3 3
0 10 10 10 14
11 1 9 9 9
8 9 8 15 15
2 6 5 5 6
10 2 13 14 14
11 5 0 0 11
11 2 8 10 13
4 11 11 11 13
9 10 2 12 12
2 6 9 9 11
9 6 6 10 10
3 5 8 13 14
5 6 1 2 2
3 1 11 12 13
5 7 13 13 15
1 0 11 11 14
4 7 6 11 13
8 7 5 15 15
5 3 10 12 14
2 9 9 10 14
3 9 0 0 0
8 0 3 3 9
10 7 0 13 14
9 11 8 10 12
3 11 8 11 15
3 10 9 11 11
1 5 2 3 3
0 10 14 14 14
0 11 8 8 8
11 0 0 9 11
1 3 15 15 15
9 2 2 2 7
2 9 15 15 15
0 2 11 11 13
0 7 5 12 13
5 0 6 8 10
0 1 15 15 15
2 6 10 14 14
8 5 6 7 13
11 2 7 8 11
8 0 4 4 13
11 1 4 6 11
3 11 9 13 13
3 11 9 12 13
1 7 2 3 3
8 9 3 10 14
1 0 1 3 13
9 5 8 10 10
4 3 8 8 9
0 9 5 5 10
11 4 11 12 13
9 1 6 9 15
2 4 14 14 14
8 4 15 15 15
9 1 0 1 8
6 5 1 3 3
8 6 6 12 15
10 5 14 15 15
0 9 14 14 15
1 0 8 9 10
1 10 9 9 9
1 3 13 13 14
8 7 5 5 5
5 7 7 8 11
9 0 13 13 13
1 7 4 5 12
1 4 11 12 14
0 1 9 10 10
2 1 2 14 15
8 0 12 14 14
11 4 2 4 8
3 7 11 13 15
9 1 15 15 15
0 4 15 15 15
5 1 2 8 9
6 4 5 9 9
5 11 1 1 9
8 11 15 15 15
1 7 4 4 7
9 0 0 0 12
2 6 5 8 9
1 9 14 15 15
3 9 14 14 15
7 0 4 5 8
2 3 8 11 14
0 2 3 14 14
10 11 6 11 13
2 5 3 3 3
10 2 4 4 9
2 0 11 11 11
2 10 5 6 11
2 0 8 8 11
10 6 0 15 15
5 11 9 9 9
8 1 4 7 7
5 1 9 10 10
5 6 15 15 15
11 10 10 10 14
5 8 6 6 10
0 2 8 8 8
7 2 12 12 14
8 2 12 12 15
8 2 7 8 9
4 5 12 12 13
4 5 1 1 1
5 1 9 9 10
2 8 10 14 15
9 6 13 15 15
11 6 7 13 15
8 2 1 4 14
7 11 10 10 14
8 9 15 15 15
7 5 6 6 12
8 9 14 14 15
0 1 8 10 15
7 10 11 12 12
0 2 5 10 12
3 8 4 4 6
0 9 13 14 14
7 1 11 11 11
10 9 15 15 15
11 0 10 11 12
1 7 9 9 12
2 0 6 12 14
6 2 6 6 6
1 7 2 6 7
8 7 14 14 15
1 8 5 10 10
1 10 5 6 12
8 6 11 12 15
4 8 13 14 14
9 2 14 14 14
9 1 7 9 11
4 0 1 11 12
4 2 5 8 10
2 1 2 3 5
0 6 6 6 8
3 9 11 12 15
8 0 5 7 7
11 4 8 13 14
9 2 0 0 2
4 9 4 13 13
2 10 5 6 11
0 9 3 6 14
6 0 13 13 13
9 4 15 15 15
3 0 1 9 11
8 10 12 12 12
5 10 9 9 10
1 5 7 7 7
3 6 15 15 15
3 4 15 15 15
6 0 3 7 8
8 5 15 15 15
4 0 1 2 4
7 6 0 7 9
7 11 3 6 10
11 3 0 0 0
11 3 9 11 15
8 4 4 6 6
7 5 5 7 14
6 7 11 13 15
9 2 8 10 15
2 9 1 2 7
4 11 11 11 11
2 10 10 14 14
8 10 15 15 15
6 11 0 1 1
11 10 11 12 12
5 6 14 14 14
5 9 15 15 15
11 6 2 2 7
9 6 12 12 12
0 2 15 15 15
11 2 13 14 14
3 9 3 3 6
7 9 1 7 8
6 2 8 8 13
5 4 6 6 9
2 1 1 1 1
4 1 2 7 7
0 8 4 7 13
8 4 7 13 13
1 3 13 13 15
6 7 3 3 6
8 7 0 2 2
