--X-- Routing table for Node: 0 --X--
0 []  0 0 
0 []  0 0 
1 []  0 0 
1 []  0 0 
2 []  0 0 
2 []  0 0 
3 []  0 0 
3 []  0 0 
4 []  0 0 
4 []  0 0 
5 []  0 0 
5 []  0 0 
6 []  0 0 
6 []  0 0 
7 []  0 0 
7 []  0 0 
8 []  0 0 
8 []  0 0 
9 []  0 0 
9 []  0 0 
10 []  0 0 
10 []  0 0 
11 []  0 0 
11 []  0 0 
12 []  0 0 
12 []  0 0 
13 []  0 0 
13 []  0 0 
14 []  0 0 
14 []  0 0 
15 []  0 0 
15 []  0 0 
16 []  0 0 
16 []  0 0 
17 []  0 0 
17 []  0 0 
18 []  0 0 
18 []  0 0 
19 []  0 0 
19 []  0 0 


--X-- Routing table for Node: 1 --X--
0 []  0 0 
0 []  0 0 
1 []  0 0 
1 []  0 0 
2 []  0 0 
2 []  0 0 
3 []  0 0 
3 []  0 0 
4 []  0 0 
4 []  0 0 
5 []  0 0 
5 []  0 0 
6 []  0 0 
6 []  0 0 
7 []  0 0 
7 []  0 0 
8 []  0 0 
8 []  0 0 
9 []  0 0 
9 []  0 0 
10 []  0 0 
10 []  0 0 
11 []  0 0 
11 []  0 0 
12 []  0 0 
12 []  0 0 
13 []  0 0 
13 []  0 0 
14 []  0 0 
14 []  0 0 
15 []  0 0 
15 []  0 0 
16 []  0 0 
16 []  0 0 
17 []  0 0 
17 []  0 0 
18 []  0 0 
18 []  0 0 
19 []  0 0 
19 []  0 0 


--X-- Routing table for Node: 2 --X--
0 []  0 0 
0 []  0 0 
1 []  0 0 
1 []  0 0 
2 []  0 0 
2 []  0 0 
3 []  0 0 
3 []  0 0 
4 []  0 0 
4 []  0 0 
5 []  0 0 
5 []  0 0 
6 []  0 0 
6 []  0 0 
7 []  0 0 
7 []  0 0 
8 []  0 0 
8 []  0 0 
9 []  0 0 
9 []  0 0 
10 []  0 0 
10 []  0 0 
11 []  0 0 
11 []  0 0 
12 []  0 0 
12 []  0 0 
13 []  0 0 
13 []  0 0 
14 []  0 0 
14 []  0 0 
15 []  0 0 
15 []  0 0 
16 []  0 0 
16 []  0 0 
17 []  0 0 
17 []  0 0 
18 []  0 0 
18 []  0 0 
19 []  0 0 
19 []  0 0 


--X-- Routing table for Node: 3 --X--
0 []  0 0 
0 []  0 0 
1 []  0 0 
1 []  0 0 
2 []  0 0 
2 []  0 0 
3 []  0 0 
3 []  0 0 
4 []  0 0 
4 []  0 0 
5 []  0 0 
5 []  0 0 
6 []  0 0 
6 []  0 0 
7 []  0 0 
7 []  0 0 
8 []  0 0 
8 []  0 0 
9 []  0 0 
9 []  0 0 
10 []  0 0 
10 []  0 0 
11 []  0 0 
11 []  0 0 
12 []  0 0 
12 []  0 0 
13 []  0 0 
13 []  0 0 
14 []  0 0 
14 []  0 0 
15 []  0 0 
15 []  0 0 
16 []  0 0 
16 []  0 0 
17 []  0 0 
17 []  0 0 
18 []  0 0 
18 []  0 0 
19 []  0 0 
19 []  0 0 


--X-- Routing table for Node: 4 --X--
0 []  0 0 
0 []  0 0 
1 []  0 0 
1 []  0 0 
2 []  0 0 
2 []  0 0 
3 []  0 0 
3 []  0 0 
4 []  0 0 
4 []  0 0 
5 []  0 0 
5 []  0 0 
6 []  0 0 
6 []  0 0 
7 []  0 0 
7 []  0 0 
8 []  0 0 
8 []  0 0 
9 []  0 0 
9 []  0 0 
10 []  0 0 
10 []  0 0 
11 []  0 0 
11 []  0 0 
12 []  0 0 
12 []  0 0 
13 []  0 0 
13 []  0 0 
14 []  0 0 
14 []  0 0 
15 []  0 0 
15 []  0 0 
16 []  0 0 
16 []  0 0 
17 []  0 0 
17 []  0 0 
18 []  0 0 
18 []  0 0 
19 []  0 0 
19 []  0 0 


--X-- Routing table for Node: 5 --X--
0 []  0 0 
0 []  0 0 
1 []  0 0 
1 []  0 0 
2 []  0 0 
2 []  0 0 
3 []  0 0 
3 []  0 0 
4 []  0 0 
4 []  0 0 
5 []  0 0 
5 []  0 0 
6 []  0 0 
6 []  0 0 
7 []  0 0 
7 []  0 0 
8 []  0 0 
8 []  0 0 
9 []  0 0 
9 []  0 0 
10 []  0 0 
10 []  0 0 
11 []  0 0 
11 []  0 0 
12 []  0 0 
12 []  0 0 
13 []  0 0 
13 []  0 0 
14 []  0 0 
14 []  0 0 
15 []  0 0 
15 []  0 0 
16 []  0 0 
16 []  0 0 
17 []  0 0 
17 []  0 0 
18 []  0 0 
18 []  0 0 
19 []  0 0 
19 []  0 0 


--X-- Routing table for Node: 6 --X--
0 []  0 0 
0 []  0 0 
1 []  0 0 
1 []  0 0 
2 []  0 0 
2 []  0 0 
3 []  0 0 
3 []  0 0 
4 []  0 0 
4 []  0 0 
5 []  0 0 
5 []  0 0 
6 []  0 0 
6 []  0 0 
7 []  0 0 
7 []  0 0 
8 []  0 0 
8 []  0 0 
9 []  0 0 
9 []  0 0 
10 []  0 0 
10 []  0 0 
11 []  0 0 
11 []  0 0 
12 []  0 0 
12 []  0 0 
13 []  0 0 
13 []  0 0 
14 []  0 0 
14 []  0 0 
15 []  0 0 
15 []  0 0 
16 []  0 0 
16 []  0 0 
17 []  0 0 
17 []  0 0 
18 []  0 0 
18 []  0 0 
19 []  0 0 
19 []  0 0 


--X-- Routing table for Node: 7 --X--
0 []  0 0 
0 []  0 0 
1 []  0 0 
1 []  0 0 
2 []  0 0 
2 []  0 0 
3 []  0 0 
3 []  0 0 
4 []  0 0 
4 []  0 0 
5 []  0 0 
5 []  0 0 
6 []  0 0 
6 []  0 0 
7 []  0 0 
7 []  0 0 
8 []  0 0 
8 []  0 0 
9 []  0 0 
9 []  0 0 
10 []  0 0 
10 []  0 0 
11 []  0 0 
11 []  0 0 
12 []  0 0 
12 []  0 0 
13 []  0 0 
13 []  0 0 
14 []  0 0 
14 []  0 0 
15 []  0 0 
15 []  0 0 
16 []  0 0 
16 []  0 0 
17 []  0 0 
17 []  0 0 
18 []  0 0 
18 []  0 0 
19 []  0 0 
19 []  0 0 


--X-- Routing table for Node: 8 --X--
0 []  0 0 
0 []  0 0 
1 []  0 0 
1 []  0 0 
2 []  0 0 
2 []  0 0 
3 []  0 0 
3 []  0 0 
4 []  0 0 
4 []  0 0 
5 []  0 0 
5 []  0 0 
6 []  0 0 
6 []  0 0 
7 []  0 0 
7 []  0 0 
8 []  0 0 
8 []  0 0 
9 []  0 0 
9 []  0 0 
10 []  0 0 
10 []  0 0 
11 []  0 0 
11 []  0 0 
12 []  0 0 
12 []  0 0 
13 []  0 0 
13 []  0 0 
14 []  0 0 
14 []  0 0 
15 []  0 0 
15 []  0 0 
16 []  0 0 
16 []  0 0 
17 []  0 0 
17 []  0 0 
18 []  0 0 
18 []  0 0 
19 []  0 0 
19 []  0 0 


--X-- Routing table for Node: 9 --X--
0 []  0 0 
0 []  0 0 
1 []  0 0 
1 []  0 0 
2 []  0 0 
2 []  0 0 
3 []  0 0 
3 []  0 0 
4 []  0 0 
4 []  0 0 
5 []  0 0 
5 []  0 0 
6 []  0 0 
6 []  0 0 
7 []  0 0 
7 []  0 0 
8 []  0 0 
8 []  0 0 
9 []  0 0 
9 []  0 0 
10 []  0 0 
10 []  0 0 
11 []  0 0 
11 []  0 0 
12 []  0 0 
12 []  0 0 
13 []  0 0 
13 []  0 0 
14 []  0 0 
14 []  0 0 
15 []  0 0 
15 []  0 0 
16 []  0 0 
16 []  0 0 
17 []  0 0 
17 []  0 0 
18 []  0 0 
18 []  0 0 
19 []  0 0 
19 []  0 0 


--X-- Routing table for Node: 10 --X--
0 []  0 0 
0 []  0 0 
1 []  0 0 
1 []  0 0 
2 []  0 0 
2 []  0 0 
3 []  0 0 
3 []  0 0 
4 []  0 0 
4 []  0 0 
5 []  0 0 
5 []  0 0 
6 []  0 0 
6 []  0 0 
7 []  0 0 
7 []  0 0 
8 []  0 0 
8 []  0 0 
9 []  0 0 
9 []  0 0 
10 []  0 0 
10 []  0 0 
11 []  0 0 
11 []  0 0 
12 []  0 0 
12 []  0 0 
13 []  0 0 
13 []  0 0 
14 []  0 0 
14 []  0 0 
15 []  0 0 
15 []  0 0 
16 []  0 0 
16 []  0 0 
17 []  0 0 
17 []  0 0 
18 []  0 0 
18 []  0 0 
19 []  0 0 
19 []  0 0 


--X-- Routing table for Node: 11 --X--
0 []  0 0 
0 []  0 0 
1 []  0 0 
1 []  0 0 
2 []  0 0 
2 []  0 0 
3 []  0 0 
3 []  0 0 
4 []  0 0 
4 []  0 0 
5 []  0 0 
5 []  0 0 
6 []  0 0 
6 []  0 0 
7 []  0 0 
7 []  0 0 
8 []  0 0 
8 []  0 0 
9 []  0 0 
9 []  0 0 
10 []  0 0 
10 []  0 0 
11 []  0 0 
11 []  0 0 
12 []  0 0 
12 []  0 0 
13 []  0 0 
13 []  0 0 
14 []  0 0 
14 []  0 0 
15 []  0 0 
15 []  0 0 
16 []  0 0 
16 []  0 0 
17 []  0 0 
17 []  0 0 
18 []  0 0 
18 []  0 0 
19 []  0 0 
19 []  0 0 


--X-- Routing table for Node: 12 --X--
0 []  0 0 
0 []  0 0 
1 []  0 0 
1 []  0 0 
2 []  0 0 
2 []  0 0 
3 []  0 0 
3 []  0 0 
4 []  0 0 
4 []  0 0 
5 []  0 0 
5 []  0 0 
6 []  0 0 
6 []  0 0 
7 []  0 0 
7 []  0 0 
8 []  0 0 
8 []  0 0 
9 []  0 0 
9 []  0 0 
10 []  0 0 
10 []  0 0 
11 []  0 0 
11 []  0 0 
12 []  0 0 
12 []  0 0 
13 []  0 0 
13 []  0 0 
14 []  0 0 
14 []  0 0 
15 []  0 0 
15 []  0 0 
16 []  0 0 
16 []  0 0 
17 []  0 0 
17 []  0 0 
18 []  0 0 
18 []  0 0 
19 []  0 0 
19 []  0 0 


--X-- Routing table for Node: 13 --X--
0 []  0 0 
0 []  0 0 
1 []  0 0 
1 []  0 0 
2 []  0 0 
2 []  0 0 
3 []  0 0 
3 []  0 0 
4 []  0 0 
4 []  0 0 
5 []  0 0 
5 []  0 0 
6 []  0 0 
6 []  0 0 
7 []  0 0 
7 []  0 0 
8 []  0 0 
8 []  0 0 
9 []  0 0 
9 []  0 0 
10 []  0 0 
10 []  0 0 
11 []  0 0 
11 []  0 0 
12 []  0 0 
12 []  0 0 
13 []  0 0 
13 []  0 0 
14 []  0 0 
14 []  0 0 
15 []  0 0 
15 []  0 0 
16 []  0 0 
16 []  0 0 
17 []  0 0 
17 []  0 0 
18 []  0 0 
18 []  0 0 
19 []  0 0 
19 []  0 0 


--X-- Routing table for Node: 14 --X--
0 []  0 0 
0 []  0 0 
1 []  0 0 
1 []  0 0 
2 []  0 0 
2 []  0 0 
3 []  0 0 
3 []  0 0 
4 []  0 0 
4 []  0 0 
5 []  0 0 
5 []  0 0 
6 []  0 0 
6 []  0 0 
7 []  0 0 
7 []  0 0 
8 []  0 0 
8 []  0 0 
9 []  0 0 
9 []  0 0 
10 []  0 0 
10 []  0 0 
11 []  0 0 
11 []  0 0 
12 []  0 0 
12 []  0 0 
13 []  0 0 
13 []  0 0 
14 []  0 0 
14 []  0 0 
15 []  0 0 
15 []  0 0 
16 []  0 0 
16 []  0 0 
17 []  0 0 
17 []  0 0 
18 []  0 0 
18 []  0 0 
19 []  0 0 
19 []  0 0 


--X-- Routing table for Node: 15 --X--
0 []  0 0 
0 []  0 0 
1 []  0 0 
1 []  0 0 
2 []  0 0 
2 []  0 0 
3 []  0 0 
3 []  0 0 
4 []  0 0 
4 []  0 0 
5 []  0 0 
5 []  0 0 
6 []  0 0 
6 []  0 0 
7 []  0 0 
7 []  0 0 
8 []  0 0 
8 []  0 0 
9 []  0 0 
9 []  0 0 
10 []  0 0 
10 []  0 0 
11 []  0 0 
11 []  0 0 
12 []  0 0 
12 []  0 0 
13 []  0 0 
13 []  0 0 
14 []  0 0 
14 []  0 0 
15 []  0 0 
15 []  0 0 
16 []  0 0 
16 []  0 0 
17 []  0 0 
17 []  0 0 
18 []  0 0 
18 []  0 0 
19 []  0 0 
19 []  0 0 


--X-- Routing table for Node: 16 --X--
0 []  0 0 
0 []  0 0 
1 []  0 0 
1 []  0 0 
2 []  0 0 
2 []  0 0 
3 []  0 0 
3 []  0 0 
4 []  0 0 
4 []  0 0 
5 []  0 0 
5 []  0 0 
6 []  0 0 
6 []  0 0 
7 []  0 0 
7 []  0 0 
8 []  0 0 
8 []  0 0 
9 []  0 0 
9 []  0 0 
10 []  0 0 
10 []  0 0 
11 []  0 0 
11 []  0 0 
12 []  0 0 
12 []  0 0 
13 []  0 0 
13 []  0 0 
14 []  0 0 
14 []  0 0 
15 []  0 0 
15 []  0 0 
16 []  0 0 
16 []  0 0 
17 []  0 0 
17 []  0 0 
18 []  0 0 
18 []  0 0 
19 []  0 0 
19 []  0 0 


--X-- Routing table for Node: 17 --X--
0 []  0 0 
0 []  0 0 
1 []  0 0 
1 []  0 0 
2 []  0 0 
2 []  0 0 
3 []  0 0 
3 []  0 0 
4 []  0 0 
4 []  0 0 
5 []  0 0 
5 []  0 0 
6 []  0 0 
6 []  0 0 
7 []  0 0 
7 []  0 0 
8 []  0 0 
8 []  0 0 
9 []  0 0 
9 []  0 0 
10 []  0 0 
10 []  0 0 
11 []  0 0 
11 []  0 0 
12 []  0 0 
12 []  0 0 
13 []  0 0 
13 []  0 0 
14 []  0 0 
14 []  0 0 
15 []  0 0 
15 []  0 0 
16 []  0 0 
16 []  0 0 
17 []  0 0 
17 []  0 0 
18 []  0 0 
18 []  0 0 
19 []  0 0 
19 []  0 0 


--X-- Routing table for Node: 18 --X--
0 []  0 0 
0 []  0 0 
1 []  0 0 
1 []  0 0 
2 []  0 0 
2 []  0 0 
3 []  0 0 
3 []  0 0 
4 []  0 0 
4 []  0 0 
5 []  0 0 
5 []  0 0 
6 []  0 0 
6 []  0 0 
7 []  0 0 
7 []  0 0 
8 []  0 0 
8 []  0 0 
9 []  0 0 
9 []  0 0 
10 []  0 0 
10 []  0 0 
11 []  0 0 
11 []  0 0 
12 []  0 0 
12 []  0 0 
13 []  0 0 
13 []  0 0 
14 []  0 0 
14 []  0 0 
15 []  0 0 
15 []  0 0 
16 []  0 0 
16 []  0 0 
17 []  0 0 
17 []  0 0 
18 []  0 0 
18 []  0 0 
19 []  0 0 
19 []  0 0 


--X-- Routing table for Node: 19 --X--
0 []  0 0 
0 []  0 0 
1 []  0 0 
1 []  0 0 
2 []  0 0 
2 []  0 0 
3 []  0 0 
3 []  0 0 
4 []  0 0 
4 []  0 0 
5 []  0 0 
5 []  0 0 
6 []  0 0 
6 []  0 0 
7 []  0 0 
7 []  0 0 
8 []  0 0 
8 []  0 0 
9 []  0 0 
9 []  0 0 
10 []  0 0 
10 []  0 0 
11 []  0 0 
11 []  0 0 
12 []  0 0 
12 []  0 0 
13 []  0 0 
13 []  0 0 
14 []  0 0 
14 []  0 0 
15 []  0 0 
15 []  0 0 
16 []  0 0 
16 []  0 0 
17 []  0 0 
17 []  0 0 
18 []  0 0 
18 []  0 0 
19 []  0 0 
19 []  0 0 


