100
16 4 9 9 10
15 16 8 10 10
6 18 7 7 8
6 19 10 10 10
11 5 0 1 2
0 6 2 4 4
5 14 1 3 5
1 16 6 7 9
11 14 5 8 8
2 6 9 10 10
2 4 9 9 10
3 13 7 7 7
12 14 9 9 10
7 10 6 9 10
18 10 9 10 10
9 0 1 5 5
11 4 10 10 10
18 4 1 9 9
8 16 7 7 7
9 11 10 10 10
14 16 0 2 5
11 17 8 8 10
14 10 10 10 10
5 15 2 3 6
14 7 1 1 2
14 4 9 10 10
7 15 8 8 8
7 9 0 0 7
15 19 5 5 5
9 5 2 4 7
5 7 1 7 7
2 17 8 8 8
1 8 0 0 0
15 3 6 8 8
2 9 3 5 5
13 10 1 1 1
18 4 9 9 9
14 0 8 8 10
10 2 3 3 9
5 13 0 1 2
0 17 4 5 6
17 0 9 9 10
16 19 7 8 9
2 17 5 5 5
8 10 5 8 9
13 0 4 5 10
12 19 3 5 9
14 12 3 3 6
5 18 10 10 10
5 1 1 8 8
3 4 8 8 8
13 16 9 9 9
11 7 7 9 9
17 4 1 1 1
6 17 10 10 10
2 15 1 5 9
5 13 7 7 7
2 12 6 8 8
13 6 8 8 8
7 10 5 5 7
15 13 7 8 9
11 5 6 7 10
15 5 2 3 8
11 0 3 3 6
15 18 2 5 5
8 4 3 3 3
10 0 7 7 10
7 14 9 9 9
16 11 2 2 2
9 17 1 1 1
12 7 10 10 10
13 6 5 5 10
12 7 8 8 8
3 5 10 10 10
7 13 9 10 10
2 11 10 10 10
11 19 0 1 9
6 0 1 4 8
0 15 5 7 7
4 16 4 4 5
10 9 6 6 8
14 11 7 9 10
0 8 3 4 4
16 1 1 1 3
1 17 5 7 7
16 8 5 9 9
0 9 1 3 5
14 9 8 8 9
15 14 3 7 8
17 12 2 4 8
7 16 5 10 10
15 19 0 3 8
13 8 2 2 10
16 5 4 4 6
19 4 7 7 10
2 3 8 9 10
11 15 2 3 4
4 12 1 4 6
7 2 7 8 8
6 10 2 3 5
