200
13 6 5 9 9
5 4 1 1 3
14 1 1 1 2
15 12 8 8 10
0 7 9 9 9
2 12 3 6 8
9 19 2 2 4
5 13 5 7 9
4 1 0 0 0
1 16 5 7 10
11 18 5 5 8
2 1 6 9 10
8 5 0 0 5
19 13 0 1 1
16 11 7 9 9
7 15 10 10 10
13 0 6 8 8
2 8 7 7 7
0 17 5 5 7
4 14 6 7 8
7 11 10 10 10
1 10 7 9 10
4 1 10 10 10
8 11 1 8 8
6 0 0 3 4
18 6 3 5 6
3 13 9 9 9
13 12 10 10 10
14 19 7 8 10
12 15 5 5 10
3 14 2 5 9
1 18 4 6 7
12 5 5 7 8
12 4 9 9 9
18 8 5 5 5
18 7 4 5 6
9 11 6 6 7
1 2 6 7 7
19 7 6 6 6
9 5 6 8 9
2 5 3 3 6
3 6 7 7 7
0 17 4 5 5
5 11 4 4 4
9 4 2 5 7
19 8 3 6 6
6 13 0 1 4
11 17 8 8 8
0 7 7 7 7
0 19 4 4 6
7 18 7 7 7
9 11 0 1 5
6 3 10 10 10
11 18 7 7 7
8 11 1 1 6
11 13 8 9 9
4 12 0 3 9
15 0 2 6 10
18 11 6 10 10
17 3 3 4 4
8 2 10 10 10
13 1 2 8 8
5 10 4 4 5
9 4 7 7 7
1 12 9 10 10
12 19 9 9 10
4 8 5 6 6
12 3 8 8 8
18 3 6 8 9
19 5 9 9 9
2 11 6 7 7
7 14 9 9 9
7 11 1 1 7
8 10 8 9 10
1 18 1 5 5
1 3 9 10 10
12 0 6 6 7
4 0 2 4 8
9 10 2 8 8
7 5 1 1 9
9 17 8 8 9
18 0 9 9 9
16 18 9 10 10
8 11 3 7 7
16 1 2 3 3
19 5 10 10 10
5 9 4 7 8
5 14 8 9 9
4 3 5 9 10
16 1 0 0 6
12 19 7 7 7
5 17 7 9 10
5 6 5 5 5
1 6 0 0 1
1 12 6 6 6
3 11 3 4 4
14 16 1 4 6
6 8 3 4 4
8 18 3 3 4
17 4 10 10 10
10 13 8 8 8
13 1 0 0 1
7 8 4 8 9
14 10 6 6 6
4 14 8 9 9
1 13 0 0 5
1 18 9 9 10
10 1 6 8 9
15 2 0 0 0
0 18 2 2 2
12 17 3 3 4
0 4 9 10 10
1 2 10 10 10
7 6 3 3 7
2 4 6 10 10
3 4 4 4 9
3 9 8 8 8
18 12 0 5 6
2 11 7 7 7
12 18 3 5 8
18 19 9 9 9
8 12 2 3 3
5 6 5 7 8
12 16 10 10 10
16 11 0 1 8
10 17 9 9 9
6 19 2 4 5
19 3 5 6 6
13 14 6 6 10
19 0 4 7 8
12 14 7 7 10
8 17 2 5 6
9 4 10 10 10
1 11 5 5 5
2 8 6 7 9
0 3 8 10 10
15 0 3 3 7
17 18 2 2 3
2 7 5 5 7
19 12 8 8 8
2 5 6 9 10
19 18 3 5 5
13 17 1 2 2
19 11 4 4 4
7 11 6 7 7
14 10 8 8 8
15 9 1 6 6
15 13 0 0 1
12 0 10 10 10
3 14 10 10 10
12 4 2 9 10
10 15 8 9 10
19 5 3 8 8
17 15 8 10 10
14 19 5 7 10
5 10 9 9 10
13 7 3 3 3
1 14 2 3 5
3 2 10 10 10
16 3 9 9 9
13 9 4 6 7
14 13 4 9 9
6 4 6 8 8
3 15 10 10 10
17 12 1 2 2
19 4 3 3 3
3 6 4 9 9
17 15 10 10 10
7 19 1 9 9
8 16 0 3 7
3 16 4 9 9
15 6 8 8 8
3 16 9 9 10
6 17 0 0 1
4 11 5 6 6
17 6 8 8 8
13 15 4 5 6
15 13 3 4 4
17 8 1 1 8
1 11 5 6 7
11 12 6 7 9
0 6 9 9 9
0 3 0 0 0
12 5 0 0 1
13 8 10 10 10
18 12 6 6 6
5 3 2 6 7
19 17 8 8 8
5 9 8 8 10
19 10 6 8 9
15 18 6 7 10
3 2 10 10 10
13 15 7 7 8
19 8 1 1 4
5 0 10 10 10
15 16 2 3 7
1 9 8 8 10
5 13 7 10 10
3 15 5 5 8
2 10 2 3 4
