300
5 19 8 9 9
2 7 0 1 4
19 15 2 6 6
5 7 1 4 4
4 2 3 3 3
17 11 9 9 10
18 14 6 8 8
14 5 9 9 9
3 15 8 9 10
17 13 0 1 1
9 5 0 4 6
18 11 8 8 8
3 15 2 7 8
17 18 1 2 10
9 6 10 10 10
10 17 3 3 6
15 13 9 10 10
18 2 4 5 5
0 15 1 4 9
8 3 3 5 7
2 14 0 0 0
0 2 8 8 8
9 4 1 1 10
9 16 9 9 10
5 0 4 7 8
6 10 7 7 8
16 4 2 5 6
3 17 8 8 8
13 9 7 7 7
11 10 8 10 10
1 2 0 1 3
16 2 5 8 8
9 16 7 7 10
13 6 9 9 9
4 3 9 9 9
1 6 6 7 8
15 0 10 10 10
2 9 3 4 5
9 19 8 10 10
14 4 6 6 10
0 6 9 9 9
17 4 10 10 10
17 10 10 10 10
8 19 2 5 6
9 12 1 4 4
3 4 2 3 7
1 7 6 7 7
14 9 1 3 3
11 19 10 10 10
1 6 9 9 10
15 19 3 7 9
16 17 1 6 8
17 12 8 8 8
8 2 7 7 7
13 7 5 5 5
14 1 2 2 2
11 8 10 10 10
11 15 5 9 9
8 14 2 6 10
15 6 6 6 7
1 19 3 7 10
12 19 9 10 10
12 9 10 10 10
2 18 4 4 4
4 19 2 7 8
0 5 6 6 8
19 6 9 9 10
19 5 6 7 10
8 0 2 7 7
9 0 10 10 10
4 11 8 8 8
2 14 1 3 6
16 9 3 5 7
13 10 8 8 8
12 10 0 0 1
2 13 10 10 10
14 5 5 10 10
13 9 10 10 10
8 5 5 5 10
14 2 7 7 7
8 18 10 10 10
12 11 6 7 9
19 14 6 6 9
0 13 0 0 0
3 8 3 7 7
12 9 5 5 5
17 14 1 1 3
5 13 6 6 10
13 8 5 5 5
3 13 9 9 9
1 13 5 9 9
13 11 3 3 5
4 1 2 2 3
0 10 5 6 7
3 16 1 1 3
2 10 9 9 10
12 13 6 8 8
17 7 1 2 10
13 7 1 1 10
6 18 8 9 9
17 14 2 2 4
17 9 4 7 8
10 14 0 5 7
6 4 2 8 9
15 17 10 10 10
5 12 9 9 10
8 13 0 0 2
14 11 7 7 7
9 13 2 5 5
6 12 8 8 8
5 3 1 2 9
1 15 4 5 6
18 8 4 5 5
4 0 0 3 4
9 16 0 2 2
6 19 3 3 3
6 2 0 5 9
5 13 10 10 10
8 13 2 4 8
4 9 4 8 10
19 15 5 8 10
5 19 1 6 7
17 10 3 3 3
11 1 9 9 9
8 7 9 10 10
10 16 4 8 10
16 18 1 1 1
0 5 0 0 0
15 16 10 10 10
5 15 10 10 10
16 4 10 10 10
17 4 4 5 8
12 4 8 9 10
18 10 6 6 6
1 15 9 9 9
1 17 2 2 2
17 16 9 9 10
15 18 6 7 9
4 5 8 8 8
12 8 8 8 8
0 11 2 2 4
7 13 5 6 8
0 15 5 5 6
15 1 6 6 6
15 3 10 10 10
11 13 3 3 10
15 13 2 2 2
0 1 8 10 10
18 11 0 6 10
11 9 7 10 10
18 5 9 10 10
0 6 10 10 10
1 7 9 10 10
5 2 3 5 10
2 1 2 2 2
10 11 9 10 10
0 8 8 8 8
3 12 9 9 9
16 7 6 6 6
3 12 1 1 8
17 9 4 5 5
8 0 5 6 9
11 16 10 10 10
2 8 9 9 9
15 1 0 0 0
9 13 9 9 10
17 9 5 6 6
7 8 2 2 4
16 12 7 9 9
17 18 10 10 10
8 15 10 10 10
3 19 4 4 8
4 16 4 4 6
14 8 2 8 9
3 5 4 5 8
16 14 3 3 9
11 0 6 8 9
2 6 6 6 8
3 15 9 9 9
11 1 6 6 6
7 14 3 6 7
4 13 10 10 10
9 0 5 5 5
5 16 9 10 10
5 14 9 9 10
9 14 3 6 7
16 5 6 9 10
6 8 8 10 10
19 8 10 10 10
7 15 10 10 10
13 19 4 4 6
12 2 4 4 5
2 5 8 8 8
10 12 0 0 1
9 10 2 3 4
4 3 5 5 6
5 19 9 9 9
10 3 6 6 6
11 12 1 4 6
15 2 6 7 8
9 2 3 7 7
13 0 6 8 8
10 1 6 6 7
5 15 10 10 10
3 15 10 10 10
5 10 3 4 6
4 16 10 10 10
10 13 10 10 10
8 10 9 9 9
8 10 4 6 6
3 0 1 10 10
19 1 7 8 10
3 19 10 10 10
19 2 0 1 5
10 11 9 9 10
16 1 1 3 6
16 8 7 9 10
14 11 7 7 9
6 0 1 8 9
15 14 3 5 10
1 12 2 4 8
19 10 6 6 7
12 13 8 8 10
13 1 8 10 10
12 0 7 8 9
14 4 0 2 7
18 3 8 8 9
8 0 6 6 7
9 19 5 5 8
16 11 6 8 9
1 3 6 6 8
16 10 7 7 7
9 19 9 10 10
19 5 10 10 10
9 12 3 8 8
6 5 4 5 5
6 11 8 8 10
16 18 10 10 10
12 1 8 9 10
0 19 5 5 6
6 8 5 5 8
16 8 3 5 5
1 8 3 3 10
10 11 8 8 10
7 17 5 5 5
10 4 2 5 7
2 17 8 8 8
19 18 5 7 7
16 5 9 9 9
13 19 5 10 10
3 19 4 4 4
18 16 9 9 10
15 17 4 5 8
2 15 9 9 9
16 8 8 8 10
2 19 4 4 5
16 17 1 2 3
4 19 3 3 4
3 12 4 7 7
6 5 0 2 10
2 5 0 1 2
8 3 6 8 8
9 3 4 4 5
11 5 10 10 10
16 2 2 4 6
8 15 7 7 7
12 4 10 10 10
10 4 4 9 9
5 13 8 8 8
17 6 10 10 10
6 1 7 9 10
13 10 1 1 1
14 16 8 9 10
3 6 4 5 5
7 6 3 3 4
3 9 3 8 9
11 10 5 9 10
13 7 2 2 3
14 8 2 3 8
16 15 10 10 10
11 1 9 9 9
6 16 0 1 5
0 7 9 9 9
4 7 10 10 10
13 5 3 3 5
13 7 4 4 5
3 6 5 9 9
11 17 3 7 7
1 7 6 6 6
18 2 1 1 2
11 14 8 8 8
19 8 8 8 9
0 16 6 10 10
18 19 2 3 5
7 2 4 6 8
18 9 5 9 10
3 12 1 4 9
19 4 8 9 9
13 5 7 7 7
0 19 0 2 2
