100
8 3 6 7 8
4 10 0 1 2
10 7 9 9 9
8 5 8 8 8
9 6 7 7 8
1 6 3 5 9
6 11 10 10 10
2 11 3 7 8
6 5 4 4 7
11 8 1 3 6
1 8 10 10 10
11 7 0 2 5
3 9 2 5 9
2 1 4 8 8
2 3 3 3 3
8 11 4 4 5
6 8 9 9 9
5 7 6 6 8
0 5 2 4 5
0 1 5 5 6
4 11 7 7 7
4 8 8 8 8
9 3 10 10 10
9 7 4 4 4
10 9 6 6 8
9 1 3 4 7
9 10 10 10 10
0 4 2 4 10
9 6 0 0 0
5 9 6 7 10
1 11 6 7 7
5 7 10 10 10
9 8 10 10 10
6 11 3 3 4
7 3 10 10 10
9 4 4 8 8
1 11 4 4 9
2 10 2 6 6
10 7 10 10 10
5 9 6 8 10
9 6 4 4 6
1 0 10 10 10
8 7 5 5 5
11 3 1 1 5
1 7 8 8 8
1 3 3 9 10
5 11 7 8 8
3 6 10 10 10
9 3 7 7 10
3 10 1 4 4
4 6 2 3 5
1 11 10 10 10
7 0 5 5 8
4 10 5 5 8
10 4 7 8 8
10 4 4 7 8
2 6 5 7 10
9 2 2 3 4
3 11 0 1 4
7 6 4 6 10
7 6 9 9 9
4 10 1 4 8
3 2 10 10 10
10 3 2 2 4
0 4 1 3 3
4 3 7 7 9
1 10 7 7 7
0 2 6 7 9
5 6 2 4 4
2 9 1 3 7
11 2 4 4 6
9 4 9 10 10
1 6 4 5 10
10 1 5 5 6
2 11 2 7 10
2 8 3 3 10
2 8 0 2 3
11 9 0 1 2
7 8 9 10 10
10 9 0 5 6
3 5 10 10 10
10 7 10 10 10
2 8 3 6 7
11 3 6 6 8
4 7 9 9 9
3 1 4 5 10
4 7 9 9 9
7 8 5 9 10
11 0 1 4 6
9 5 5 10 10
9 0 5 6 8
11 8 0 0 8
0 1 3 7 10
4 7 4 4 7
4 10 10 10 10
8 0 6 8 9
4 8 1 1 2
7 1 0 6 10
9 11 8 9 10
11 7 9 10 10
